City                 AQI        PM2.5      PM10      
1 Dec 

258          3233.00    4176.00    5171.00   
8 Dec 

-            10.00      11.00      12.00     
15 Dec 

-           17.00      18.00      19.00     
22 Dec 

-           24.00      25.00      26.00     
29 Dec 

-           31.00      1.00       2.00      
27 Oct 

353         29269.00   30305.00   31319.00  
3 Nov 

372          5356.00    6350.00    7382.00   
10 Nov 

332         12305.00   13454.00   14446.00  
17 Nov 

504         19514.00   20390.00   21305.00  
24 Nov 

277         26314.00   27248.00   28298.00  
29 Sep 

66          1138.00    2161.00    3151.00   
6 Oct 

119          8156.00    9136.00    10120.00  
13 Oct 

178         15187.00   16251.00   17299.00  
20 Oct 

304         22331.00   23346.00   24275.00  
27 Oct 

353         29269.00   30305.00   31319.00  
1 Sep 

81           373.00     450.00     574.00    
8 Sep 

97           1090.00    1173.00    1238.00   
15 Sep 

113         17144.00   1879.00    1968.00   
22 Sep 

153         24199.00   25192.00   2669.00   
29 Sep 

66          1138.00    2161.00    3151.00   
28 Jul 

71          3081.00    3173.00    137.00    
4 Aug 

51           652.00     744.00     847.00    
11 Aug 

51          1348.00    1478.00    1560.00   
18 Aug 

78          2075.00    2172.00    2272.00   
25 Aug 

60          2750.00    2849.00    2949.00   
30 Jun 

125         299.00     381.00     457.00    
7 Jul 

43           976.00     10105.00   11101.00  
14 Jul 

108         1683.00    1771.00    1872.00   
21 Jul 

79          2384.00    2489.00    2588.00   
28 Jul 

71          3081.00    3173.00    137.00    
26 May 

177         28233.00   29229.00   30176.00  
2 Jun 

121          4188.00    5210.00    6124.00   
9 Jun 

132          11197.00   12173.00   13156.00  
16 Jun 

162         18218.00   19220.00   20119.00  
23 Jun 

117         25118.00   26108.00   2766.00   
30 Jun 

125         299.00     381.00     457.00    
28 Apr 

154         30176.00   1203.00    2198.00   
5 May 

310          7332.00    8217.00    9156.00   
12 May 

173         14237.00   15262.00   16231.00  
19 May 

229         21231.00   22174.00   23139.00  
26 May 

177         28233.00   29229.00   30176.00  
31 Mar 

247         2160.00    3169.00    4160.00   
7 Apr 

193          9210.00    10228.00   11220.00  
14 Apr 

146         16235.00   17132.00   18169.00  
21 Apr 

135         23234.00   24165.00   25214.00  
28 Apr 

154         30176.00   1203.00    2198.00   
25 Feb 

174         27151.00   28167.00   29154.00  
3 Mar 

123          5108.00    6118.00    7167.00   
10 Mar 

210         12195.00   13172.00   14211.00  
17 Mar 

209         19234.00   20247.00   21180.00  
24 Mar 

211         26157.00   27171.00   28161.00  
31 Mar 

247         2160.00    3169.00    4160.00   
28 Jan 

402         30363.00   31369.00   1152.00   
